-1.692426954153082752e+00 3.622025390997748673e+00
6.979403590855729478e-01 4.428866502731573895e+00
1.100228019104028121e+00 4.606317343130128528e+00
-1.448724039050020895e+00 3.384245205135757661e+00
1.214860617911339924e+00 5.364896044798014074e+00
-9.083016312998255515e-01 1.970777749178468596e+00
2.472119422595084881e+00 4.370332840874839309e-01
1.656841560879033892e+00 2.441289302991525467e+00
1.077799752709390990e+00 4.625378818204151088e+00
-1.679426808087024936e+00 2.602002650106362669e+00
6.537285209679513098e-01 5.281743383754331944e+00
-9.718854910697993787e-01 2.790223510816109087e+00
1.585100258664089878e+00 4.401127340642652541e+00
1.293075448675811367e+00 3.429338120463985451e+00
2.504313870399013098e-01 4.345343644085301271e+00
-1.073071790939769787e+00 2.739742180920999193e+00
2.684329891120059042e+00 5.245283825491824370e-01
2.168830052089501859e+00 6.422009262218606462e-01
3.257530529109318174e-01 2.922761245583048506e+00
-3.151451587447100966e+00 4.569476550420578320e+00
-1.064086815038802758e+00 3.197605826927662154e+00
1.459463663794125843e+00 2.365128290107252340e-01
1.012876892387651884e+00 4.154040247427722932e+00
1.734071652765493354e+00 4.179779252975722947e+00
-3.331355396743656883e+00 2.099876786424640152e+00
-3.148481994998661992e-01 4.133595103277214911e+00
1.540372799166565443e+00 -8.810588618416046458e-01
-2.138219152347059726e+00 1.767649082291860019e+00
-8.405648737880362376e-01 3.830763754659181508e+00
-1.576205134898423399e+00 2.832038040300183024e+00
1.348800030330862931e+00 3.074792378426610906e+00
9.846700951231514010e-01 5.732483722573058493e+00
-1.560641174254368435e+00 2.688372507421196822e+00
6.453748939386971806e-01 3.705823478295783957e+00
1.404576114069515658e+00 -2.754758023040744241e-01
2.474380340500242248e+00 9.684013295736659810e-01
1.261363196286016564e+00 4.869045862001948777e+00
2.279207200667468403e+00 8.191433482235704888e-01
2.567372742310951583e+00 -3.959011755107306740e-01
-3.001359653347224210e+00 2.535503058100733398e+00
1.299710516698277640e+00 5.696239053758980209e-01
-2.048830879131521510e+00 2.605119561183041998e+00
-2.941734773763529986e+00 3.202267695528138169e+00
-9.750494815940746740e-01 3.959359244985121595e+00
2.470317246887750784e+00 5.028623054068698472e+00
1.960502623128671740e+00 5.265691206475919373e+00
4.368039500205941339e-01 4.329251774067871317e+00
-6.720964937690980801e-01 2.555173618252012613e+00
3.777135445516710544e-02 5.858684275967823929e+00
1.029483856453029311e+00 4.545764845640214880e+00
4.688124036017241592e-01 4.013594394658679398e+00
1.948963059363313377e+00 6.594309564165541371e-01
-2.048738893169920861e+00 2.500930811492234174e+00
-1.653037626152958017e+00 4.723261059171690590e+00
-1.615336539007883543e+00 3.734020430705762728e+00
-1.809649412227664733e+00 1.624702910412296752e+00
2.180472751805178522e+00 1.083408488898157440e+00
2.791954580457533197e+00 1.152645782292353704e+00
1.437542731838447718e+00 4.137148322985994220e+00
2.166871833582974638e+00 5.820498668272856335e+00
-2.594310790344108497e+00 1.840508256695078559e+00
-2.083960674558575921e-01 3.049264465722989925e+00
9.537242958755711708e-01 4.646452823872723847e+00
1.577414666260587683e+00 7.073262761491312389e-01
1.759922051078923078e+00 7.061603178771956868e-01
-1.297829062108081688e+00 3.404957328913483572e+00
8.226299098771781004e-01 9.482732552982021668e-01
1.325009741077550984e+00 1.791276690414619122e+00
-1.495999571749754953e+00 1.592510179475559617e+00
2.000674237173173164e+00 2.268337837257430323e+00
1.808057146195180209e+00 -4.431393851260445604e-01
1.196679813380610025e-01 5.147348708993299660e+00
6.281472371691850798e-01 5.783198310231863815e+00
-1.846463236632205573e+00 3.213926971611137606e+00
-2.596620949344585760e-02 4.925779612113918127e+00
-1.487308027901832697e+00 3.312951682357887950e+00
1.690841518619003336e+00 9.116469871579822026e-01
3.862714681985560006e+00 8.638579386094227264e-01
1.290511521038656184e+00 6.208782393784276765e-01
-3.654241803619298068e+00 3.402937880820627647e+00
-2.029374060935168700e+00 2.533060566564492522e+00
1.118210992349497390e+00 3.982362578481780435e+00
8.936949971116487923e-01 4.632266128999088295e+00
3.961783341324031760e+00 1.653247249530267915e+00
2.473888849858281169e+00 7.604265949601383134e-01
1.667819037634099555e+00 3.710055311123236166e+00
5.685483331451721689e-01 3.953327886159440752e+00
-1.818658848735253741e+00 3.043245345551013781e+00
2.872895305027329815e-01 5.831839289927616576e+00
2.188606317730901196e+00 1.405688809451622001e+00
-2.452788220574588340e+00 2.668048460432568270e+00
-9.291533458581998639e-01 1.966726297170133808e+00
2.374504597944982365e+00 -1.320410545203383190e+00
2.796323592009896108e-01 3.840707595636857707e+00
3.005691355314719537e+00 1.151217749477816632e+00
7.618673817853907071e-01 4.945752444085505850e+00
1.298143391488534304e+00 3.755939254696139429e+00
-1.621435249324761241e+00 2.373739698135642229e+00
-2.077174102044851089e+00 1.946620338857826260e+00
2.608498522289027122e+00 1.453462974862741675e+00
1.772072392430090737e+00 -2.022973747964782465e-01
2.202493450033260913e+00 5.479274343368618183e+00
-1.910628664428263512e+00 3.414168900007932717e+00
4.383017203257342231e-01 4.016144798215957046e+00
-1.633865260956656629e+00 3.780077306114133062e+00
-3.278885990263407102e-01 4.674013131869009463e+00
2.934995198142568373e+00 1.421874644516015085e+00
2.598968295915544680e-01 4.613309325735799327e+00
-1.066121774120767807e+00 4.826682203800678472e+00
1.463617124319827267e+00 2.132075336263325571e+00
5.676259684913966819e-01 3.359281580150460300e+00
-4.352785347399283911e-01 2.366322913693172492e+00
1.002541593023660971e+00 5.283959760861696164e-01
-3.536410407625631969e-01 3.599923812902108278e+00
6.664086246201332830e-01 4.061945126988121935e+00
1.331360664742835542e+00 4.570726789347803631e+00
1.887790626181135689e+00 3.315926671165467798e+00
2.814804166973486677e+00 9.677046530460895468e-01
-2.005827162760294158e+00 2.025164672564807145e+00
-1.539449702503949302e+00 3.046624795971700994e+00
1.578216290672471489e+00 8.556098229222998119e-01
1.684390741716002449e+00 1.282848838956706539e+00
-1.012252441171562989e+00 1.661383534426360553e+00
1.277410503470998604e+00 3.424266694981034309e+00
1.545317900991094673e+00 5.798462084748987611e-01
1.374277064928208780e-01 3.167772977705209492e+00
-2.931616479972080747e+00 3.278629830777854526e+00
5.062436767556723893e-01 1.048686537372999661e+00
-2.428364660227300131e+00 2.333340059041262737e+00
1.467533574823359332e+00 5.041552664701611342e+00
-1.302550648968868519e+00 2.123383372589458418e+00
1.227873248005306284e+00 1.442939274563238339e+00
9.160187942468527300e-01 5.030077532481815883e-01
8.622614472683933773e-01 1.249177020949566508e+00
1.514105884156443427e+00 4.629756796441278688e+00
1.806558584074100526e+00 9.755837929529636021e-01
1.976505501892532157e+00 3.668810308482509663e-01
1.736340812566966596e+00 4.182701560810231811e+00
1.255095243521226145e+00 -3.381532174841526128e-01
-1.131910591342554673e+00 2.824999110105629541e+00
-1.635663773764562068e+00 3.827395351415279201e+00
-1.879642119055978444e+00 2.693597865185515694e+00
2.171533337072579783e+00 4.139660716435749066e+00
1.104180115205654733e+00 4.922105764989868071e-01
2.740732010955031051e+00 3.768431852978193497e-01
7.270280528445969281e-01 4.348719601232186704e+00
-2.090664233906892377e+00 3.672490841308718501e+00
-2.572125494610158825e+00 4.244386805027673404e+00
1.171760849890117306e+00 9.393957233467163936e-01
4.675932158433903085e-01 4.844933963405590127e+00
2.023841266850881393e+00 -3.681113825502113635e-02
-2.363106706139469271e+00 3.886798493079283379e+00
-2.080543891449418314e+00 4.146983904729760972e+00
-2.315312603369226174e+00 1.740414255362253249e+00
1.559542528288524466e+00 4.406973656054318234e+00
3.785856280857429645e+00 1.966886019487050552e+00
2.672699962403811913e+00 1.556466983108922175e+00
1.620978340619503744e+00 1.230503696947077286e+00
4.206157907614026525e-01 4.184079695186253112e+00
4.415020591980978182e-02 5.024448517011739668e+00
3.162293449252482347e-01 2.069869603155884974e+00
-8.535990019629962067e-01 2.718315397204363659e+00
-1.307290927042753736e+00 2.205150194936700281e+00
-1.834807860566925797e+00 2.993363532786781800e+00
1.919293735474215667e+00 4.159847458798509479e+00
-4.011792024209182017e-02 5.079304693974799001e+00
2.035806621913729408e+00 3.072389325733858589e-01
-9.135734679058364893e-01 3.202916515310954004e+00
2.041651190343725553e+00 1.200985048382002374e+00
1.020981993654119124e+00 1.111304355417283229e+00
2.660414804424048318e-01 2.719150152869248327e+00
2.555452682254627739e+00 -3.839824645474614329e-01
-3.887460739535151255e-01 5.864407643633821721e+00
2.977132773259373977e+00 1.761358533567393803e+00
-9.937975475963739536e-01 2.549306431422280195e+00
-9.681382939360365647e-01 2.920898972602138155e+00
2.482790636191498646e+00 3.225580078534433071e+00
-2.885388668767709053e+00 3.227706641649173314e+00
3.603372189902418476e-01 4.735186680481843879e+00
1.074919106368743549e+00 1.573154041059174446e+00
1.142890061007983293e+00 5.085098556635360367e+00
-1.741090842737078592e+00 2.015473196157117286e+00
2.396274506055358522e+00 1.439190087962133324e+00
3.619997368033433638e+00 1.209738318088278142e+00
3.250855157025973163e+00 -7.583243600728892808e-01
2.792073777736581164e+00 3.140294787769378093e+00
-2.102587524063339597e+00 2.267487870489860668e+00
1.137292599503995971e+00 5.474076241423895262e-01
1.091504935475197335e+00 5.467206133018770231e+00
2.514623699730802908e+00 5.488199160595929271e+00
-7.814253139304624396e-01 3.189854248374132339e+00
-1.760373903420195729e+00 2.308688491883823968e+00
7.889168035648124189e-01 1.385967163223700949e+00
1.412539790093805037e+00 3.460238377377763408e-01
1.130321575975347770e+00 1.522622141305931542e+00
2.956576259118083527e+00 3.371845324719813242e-02
-2.074112731411678734e+00 4.245522898285020830e+00
2.783410647906951585e+00 1.151438232090978619e+00
1.226724239867216237e+00 3.620510736007010344e+00
1.474789618662010415e+00 -2.090275043781075759e-01
